{
  "advancedEditorSelectedIdentifier" : "ProjectBrowser",
  "openSceneRelativePaths" : [
    "Immersive.usda"
  ],
  "recentIdentifiers" : {
    "AF09ED6F-1707-48FD-8720-65B998362C09" : [

    ]
  },
  "sceneCameraHistory" : {
    "AF09ED6F-1707-48FD-8720-65B998362C09" : [
      {
        "date" : 732478144.038717,
        "title" : "Untitled",
        "transform" : [
          0.98611593,
          -2.2833471e-10,
          0.16605835,
          0,
          0.06890282,
          0.90985274,
          -0.4091704,
          0,
          -0.15108867,
          0.41493136,
          0.8972203,
          0,
          -0.3410986,
          0.79190415,
          1.1241779,
          1
        ]
      },
      {
        "date" : 732478133.119088,
        "title" : "Untitled",
        "transform" : [
          0.9861158,
          -2.2833468e-10,
          0.16605833,
          0,
          0.06890282,
          0.90985274,
          -0.4091704,
          0,
          -0.15108865,
          0.4149313,
          0.8972202,
          0,
          -0.45639113,
          1.1293128,
          1.2456967,
          1
        ]
      },
      {
        "date" : 732478118.286338,
        "title" : "Untitled",
        "transform" : [
          0.9928181,
          1.09481924e-10,
          0.1196331,
          0,
          0.029789906,
          0.96850085,
          -0.24722211,
          0,
          -0.11586479,
          0.24901044,
          0.9615451,
          0,
          -1.1560328,
          2.4061718,
          3.942292,
          1
        ]
      },
      {
        "date" : 732478114.503456,
        "title" : "Untitled",
        "transform" : [
          0.8432702,
          1.09481924e-10,
          -0.53748983,
          0,
          -0.13384059,
          0.96850085,
          -0.20998311,
          0,
          0.5205593,
          0.24901044,
          0.81670785,
          0,
          2.0078726,
          2.0551548,
          3.1667235,
          1
        ]
      },
      {
        "date" : 732478110.461876,
        "title" : "Untitled",
        "transform" : [
          0.9974664,
          1.09481924e-10,
          0.07113891,
          0,
          0.017714335,
          0.96850085,
          -0.24837959,
          0,
          -0.06889809,
          0.24901044,
          0.966047,
          0,
          -0.27664694,
          2.0551548,
          3.7335792,
          1
        ]
      },
      {
        "date" : 732478101.795548,
        "title" : "Untitled",
        "transform" : [
          0.999946,
          1.09481924e-10,
          0.010392589,
          0,
          0.002587863,
          0.96850085,
          -0.24899703,
          0,
          -0.01006523,
          0.24901047,
          0.9684485,
          0,
          -0.04274639,
          1.8325306,
          3.3379388,
          1
        ]
      },
      {
        "date" : 732478090.708898,
        "title" : "Untitled",
        "transform" : [
          1,
          0,
          -0,
          0,
          -0,
          0.8660253,
          -0.5000002,
          0,
          0,
          0.5000002,
          0.8660253,
          0,
          0,
          3.951086,
          4.7261424,
          1
        ]
      }
    ]
  }
}