{
  "advancedEditorSelectedIdentifier" : "ProjectBrowser",
  "openSceneRelativePaths" : [
    "Immersive.usda"
  ],
  "recentIdentifiers" : {
    "AF09ED6F-1707-48FD-8720-65B998362C09" : [

    ]
  },
  "sceneCameraHistory" : {
    "AF09ED6F-1707-48FD-8720-65B998362C09" : [
      {
        "date" : 732570351.057472,
        "title" : "Untitled",
        "transform" : [
          0.90147316,
          8.5030047e-07,
          -0.43283504,
          0,
          -0.20419618,
          0.88172555,
          -0.4252811,
          0,
          0.3816414,
          0.47176284,
          0.794852,
          0,
          -0.5171659,
          2.0675278,
          3.0925665,
          1
        ]
      },
      {
        "date" : 732570342.656135,
        "title" : "Untitled",
        "transform" : [
          0.90147316,
          8.5030047e-07,
          -0.43283504,
          0,
          -0.20419618,
          0.88172555,
          -0.4252811,
          0,
          0.3816414,
          0.47176284,
          0.794852,
          0,
          0.8972454,
          1.6090096,
          2.6855898,
          1
        ]
      },
      {
        "date" : 732570338.085277,
        "title" : "Untitled",
        "transform" : [
          0.90147316,
          8.5030047e-07,
          -0.43283504,
          0,
          -0.20419618,
          0.88172555,
          -0.4252811,
          0,
          0.3816414,
          0.47176284,
          0.794852,
          0,
          1.2655665,
          2.0373368,
          2.2545216,
          1
        ]
      },
      {
        "date" : 732570248.591179,
        "title" : "Untitled",
        "transform" : [
          0.90147316,
          8.5030047e-07,
          -0.43283504,
          0,
          -0.20419618,
          0.88172555,
          -0.4252811,
          0,
          0.3816414,
          0.47176284,
          0.794852,
          0,
          1.5046525,
          2.679847,
          1.7583821,
          1
        ]
      },
      {
        "date" : 732570238.458938,
        "title" : "Untitled",
        "transform" : [
          -0.39076883,
          8.5030047e-07,
          -0.92048883,
          0,
          -0.43425202,
          0.88172555,
          0.18435091,
          0,
          0.81161857,
          0.47176284,
          -0.34455052,
          0,
          4.3628054,
          3.3052278,
          -0.9287777,
          1
        ]
      },
      {
        "date" : 732570226.873844,
        "title" : "Untitled",
        "transform" : [
          0.67587334,
          8.5030047e-07,
          -0.73701775,
          0,
          -0.34769803,
          0.88172555,
          -0.31885126,
          0,
          0.6498471,
          0.47176284,
          0.595935,
          0,
          1.2847856,
          1.5761372,
          1.816255,
          1
        ]
      },
      {
        "date" : 732570219.77373,
        "title" : "Untitled",
        "transform" : [
          0.9749431,
          8.5030047e-07,
          0.22245437,
          0,
          0.10494492,
          0.88172555,
          -0.45994198,
          0,
          -0.19614404,
          0.47176284,
          0.8596321,
          0,
          -1.8207638,
          1.6547027,
          3.2035909,
          1
        ]
      },
      {
        "date" : 732570209.539882,
        "title" : "Untitled",
        "transform" : [
          0.9749431,
          8.5030047e-07,
          0.22245437,
          0,
          0.10494492,
          0.88172555,
          -0.45994198,
          0,
          -0.19614404,
          0.47176284,
          0.8596321,
          0,
          1.1030885,
          2.7467413,
          3.2714252,
          1
        ]
      },
      {
        "date" : 732570196.482066,
        "title" : "Untitled",
        "transform" : [
          0.9749431,
          8.5030047e-07,
          0.22245437,
          0,
          0.10494492,
          0.88172555,
          -0.45994198,
          0,
          -0.19614404,
          0.47176284,
          0.8596321,
          0,
          0.80492055,
          2.6597958,
          4.486597,
          1
        ]
      },
      {
        "date" : 732570127.041554,
        "title" : "Untitled",
        "transform" : [
          0.9749431,
          8.5030047e-07,
          0.22245437,
          0,
          0.10494492,
          0.88172555,
          -0.45994198,
          0,
          -0.19614404,
          0.47176284,
          0.8596321,
          0,
          0.22822809,
          2.0005927,
          4.71678,
          1
        ]
      }
    ]
  }
}